# Quantized from user-supplied TWBARLT1.png; 64x128, classes 0..3
1111111111122222111222111122211111111111111222221112221111122211
1111111111222222211111111122112211111111112222222111111121111111
1111112222222222221111111111112211111122222222222211111122111111
1111122222222222221111112111111111111222222222222211111122111111
1111122222222222221111111121111111111222222222222211111122111111
1111111112222222222111112122211111111111122222222221111122211111
1111111112222222221211112222211111111111122222222212111122121111
1111111122222122222211112222211111111111222221222222111122221111
1111111222212222222211112122222111111112222122222222111122221111
1111112222222222222211122222222211111122222222222222111222221112
2112222222222211112211122222222221122222222222111122111211221112
2222222222222111111111222222222222222222222221111111112211111122
2112222221222212111112222222222221122222211221121111122211111222
2222222222222222222222222222222221122222211222222222222222222222
2222222222222222222222222222222221122222222222222222222222222222
2222222222222222222222222222222221122222222222222222222222222222
2222222222222222222222222222222222222222222222222222222222222222
2222222222222222222222222222222222222222222222222222222222222222
2222222222222222222222222222222222222222222222222222222222222222
2222222222222222222222222222222222222222222222222222222222222222
2222222222212222222222222222222222222222222122222222222222222222
2222222222222222222222222222222222222222222222222222222222222222
2222222222222222222222222222222222222221221222112222222222222222
2222222222222222222222211222222222222212222222122222222122222221
2222222222222212222222211222221222222221222221122222222122222221
2222222222222222222222221222122222222222222221122222222222222222
2222222222211222222222221221112222222222222111111122222211222222
2222122222221122222222211222222222221222221211111122222111222221
2222222222221122222222212222212222222222222211111222222112222221
2222222222212122222222222222221122222222222111112222222222222222
1222222222222122222221222222222112222222222111112222212222222122
2222222222222222222222121222222122222222222221111211221212112212
1221122222222222222222222222222112211222222222122222222222222222
1111112222222222222222212222221111111122222222222212222122122221
1111112222221122222222222222211111111122222211222222222222222222
1111112222222222222222222222211111111122221111222222222222222222
1111122221222222212222222222111111111222211112222122222221222222
1111122111111222222222222222211111111221111112222222222222222222
1112111121111222222222222222211111121111211112222222222222222222
1111111122122222222222222222211111111111221222222222222222222222
1111111222222221211222211222211111111112222222212112222121122221
1111122222212222222122212111211111111222222122222221222122212221
1111222222112222122222212211122111112222221122221222222112222221
1112222222112222222222212221122211122222221122222222222122222221
2222222222222222222221222121111222222222222222222222212222222122
2222122222222222222221122112111122221222222222222222211222222112
2222222222221222222122121111111122222222222212222221221222212212
2221212222222222222122221111112122212122222222222221222222212222
1212122211121212222222221121111212121222111212122222122222221222
1111111112111111111111111111111211211111121111111111112111111121
1111111111111111111111111111111111111111111111111111111111111111
2221112222222222222222222112112222222211112222222222222222222222
2222222222222222222222222122222222222222222222222222222222222222
2222222222222222222222222222222222222222222222222222222222222222
3322233333333333333332222222333333333332223333333333333333333333
3333333333333333333332222233333333333333333333333333333333333333
3333333333333333333333333333333333333333333333333333333333333333
3333333333333333333333333333333333333333333333333333333333333333
3333333333333333333333333333333333333333333333333333333333333333
2233333333333333333333333333333333333223333322233333333333333333
2222222222222222222222222222222222222222222222222222222222222222
2222222222222222222222222222222222222222222222222222222222222222
2222222222222222222222222222222211211112222222222222222222222222
1111111111111111111111111111111111111111111111111111111111111111
3333333333333333333233333333333333333333333323233333333333322222
3333333333222222333233333333333333333333333323233333333333332323
3333333333333333333233333333333333333333333323233333333333333222
3333333332222222233222222222222222222222222213233333333333333222
3333333332222222233233333333333333333333333323233333333333333222
3333333332232222233233333333333333333333333323233333333333333333
0111111111111111111111111111111111111111111111111111111111111111
1211211111111111122122221112222212222111111111112222222222222222
1211112111111111211122222122212122222122221111112222222222222222
1122211111111111112212211222222222222222222111122222222222222222
1211222211111111221222222222222222222222222211112222222222222222
1221222122111111221222122222212122222222222221122222222222222222
1212122222211111222122122222222222222222222222222222222222222222
1212212122222222212222222222222222222222222222222222222222222222
1212212122112221222222222222222222222222222222222222222222222222
1221212222222222221222222222222222222222222222222222222222222222
1221222122222222222222222222222222222222222222222222222222222222
1221222222222222222222222222222222222222222222222222222222222222
1222222222222222222222222222221122222222222222222222222222222222
1222122222222222222222222222221112222222222222222222222222222222
1122222222222222222222222222222111222222222222222222222222222222
1122222222222222222222222222222111222222222222222222222222222222
1112222222222222222222222122221111122222222222222222222222222222
1112222211122222112222221222211111122222111222221122222211222222
1212122211121212222222221122111212121222111212122222222222222222
1121112112111111111111111122111211211121121111111111111111111111
1111111111111111111111111111111111111111111111111111111111111111
1111111111111111111111111111111111111111111111111111111111111111
1111111111111111111111111111111111111111111111111111111111111111
0111111111111111111111111111111111111111111111111111111111111111
0111111111111111111111111111111111111111111111111111111111111111
0000000000000000000000000000000000000000000000000000000000000000
1222222222222222222222222222222222222222222222222222222222222222
1111111221111112211111122111111221111112211111122111111221111112
1100001221000012210000122100001221000012210000122100001221000012
1112111221121112211211122112111221121112211211122112111221121112
1100001221000012210000122100001221000012210000122100001221000012
1112111221121112211211122112111221121112211211122112111221121112
1100001121000011210000112100001121000011210000112100001121000012
1112111221121112211211122112111221121112211211122112111121121111
1100001121000012210000112100001121000011210000122100001121000011
1112111221121112211211122112111221121112211211122112111221121112
1100001221000011210000122100001221000012210000111100001211000012
1112111221121111211211122112111221121112211211111112111111121111
1100001221000011210000122100001221000012210000111100001111000011
1112111221121111211211122112111221121112211211112112111221121112
1100001221000011110000121100001211000012210000112100001221000012
1112111221121111211211122112111221121112211211111112111211121112
1100001221000012110000121100001211000012210000122100001221000012
1112111221121112111211121112111211121112211211122112111121121111
1100001221000012110000121100001211000012210000122100001221000012
1112111221121112111211121112111211121112211211122112111221121112
1100001221000012110000121100001211000012210000122100001221000012
1112111111121112111211111112111111121111111211122112111221121112
1100001121000012110000111100001111000011210000122100001221000012
1112111121121112111211111112111111121111211211122112111221121112
1100001221000011110000121100001211000012210000112100001121000011
1112111221121112111211121112111211121112211211122112111121121111
1100001221000012110000121100001211000012210000121100001111000011
1112111221121112111211121112111211121112211211122112111121121111
1100001221000012210000122100001221000012210000122100001221000012
1112111221121112211211122112111221121112211211122112111221121112
1112222222222222222222222122221111222222222222222222222222222222
1112222211122222112222221222211111122222111222221122222211222222
